750
1
28
871 872
720 721
811
168 169
40 44
91 93
832 833
163 165
818 824
466 469
343 344
153 155
753 758
993 995
49 51
816 817
99 101
873 876
455 458
233
545 547
345 350
588
583 585
494 495
899
275
20 26
581 582
34
633 634
200 204
716 717
800 801
73
743
648
292
543 544
422 424
127
861 862
474 475
339 341
947 949
105 108
226 227
490 492
407 408
735 737
266 269
89
878
852
480
951
742
406
451
770 773
740 744
840 841
114 115
808 810
813 814
144 146
252 253
932 934
923
459 461
660 661
259 262
390 392
705 709
506
334
586 587
662 664
973 974
436
196
834 835
180 182
980 981
202
599 600
438 443
281
335 336
161 162
958 960
23
567
596
198 199
238 242
179
191 195
346
173 175
330 331
394 395
620 622
48
688
714 715
508
102 104
320
409 410
359 363
131 133
564 566
825 828
500
765 769
384 385
231 234
609 612
697 698
681 683
214 215
759 760
866 868
572 573
902 903
393
668 670
912 915
579 580
562 563
553 558
512 513
452 454
285 288
94 95
839
31 32
151 152
844
386 388
286
103
294
898 901
279
413 414
484 487
223 224
857 858
707
745
762 763
924
255
247
671
788 789
481 482
936
635 636
325
638
937 940
894 897
289 290
997
998
985 988
141
994
916 918
434 437
166
504
375 376
701 703
401 402
313
447 449
197
726 731
368 371
718
521 522
310 318
372 373
467
228
328
795 796
956 957
403 405
145
768
243 244
675 676
46 47
797 798
457
415 417
273 280
874
496 498
6 8
510 511
11
604
663
907
517 518
398 399
416
123 124
147 150
929 930
837 838
607 608
746
886
708
423
756
601 603
523 524
673 674
136
779
464 465
470 471
9
60
651 653
910 911
129 130
757
809
921
86 88
472
749 750
365 366
615 617
54 55
246 248
70
456
156 157
10 12
725
81
450
618 619
453
799
265
270 271
723
627
66 67
256 257
786
879 881
680
584
501 503
751 752
87
211
846 847
287
113
516
52 53
121
201
724
189
982 984
134 137
382 383
118 119
291 295
337 338
913
805 806
183 185
38
203
793 794
116 117
324 327
728
925
254
595 598
300
827
945 946
75
616
755
184
672
686 689
559
479
50
948
774 781
83
860
15 18
412
236 237
987
64 65
433
605
964
849
614
176
977 979
348
611
741
219
278
126 128
476 478
216
710 711
468
158 160
791
283
732
565
27 30
969
509
665 666
889
736
68 69
820
109
631 632
684 685
272
967 968
880
4
963
7
819
679
428 432
628 630
694
71 72
667
904 909
531
206 207
507
430
387
138 143
682
274
297 304
550
733
364
473
360
96 97
411
148
777
209
990 991
17
76 79
321 322
597
845
712
431
549
654
784
460
35
645
853 856
850
188 190
534 535
241
678
747
525 527
299
908
950
397
623
502
218 221
315
367
302
505
63
568 571
926
754
298
19
896
706
961 965
13
606
230
497
536
309
644
812
729
426 427
884 885
891 892
821
589 590
802
941 943
655
149
59 61
986
537 542
863
927 928
761
251
637 643
485
171 172
80 82
771
560
576
3
646
84 85
975
919 920
100
74
528 529
25
602
624 625
311
164
515
444 445
962
548 552
463
727
613
556
526
939
5
652
955
764
803
312
954
499
532
877
260
24
125
421
900
546
181
730
952 953
369
488
301
914
448
107
258
111
140
98
347
893
626
629
887
106
43
296
29
882 883
222
514
869
353 355
815
702
888
240
854
722
978
592
249 250
931
782 783
658
22
775
906
92
90
657 659
577 578
159
370
404
329
972
36 37
208
699 700
78
442
864
217
650
569
944
942
541
235
519
865
669
187
780
110
352
317
357
361
277
778
340
739
836
225
591
855
917
530
976
491
333
319
210
245
380
695 696
378
831
389
232
641
992
356
933
305
261
446
656
213
62
0 2
996 999
738
905
439
194
462
174
704
829
42
284
922
842
610
557
561
647
440
719
45
14
229
212
851
551
493
826
766
205
193
538
640
890
381
848
120
823
178
192
792
306 307
77
713
822
142
790
362
342
425
374
520
867
767
167
804
122
785
554
112
938
489
293
400
593
303
692
267
687
870
263 264
642
154
483
843
875
533
268
435
677
420
895
575
970
594
830
326
429
314
555
332
139
351
16
787
177
477
391
959
323
135
39
441
649
734
21
358
308
33
41
354
983
966
349
971
807
574
56
132
276
186
170
486
691
239
220
540
377
282
316
57 58
776
379
859
772
935
396
539
570
621
693
639
690
748
989
418 419
